1.000000000 0.000000000 0.000000000 0.000000000 0.000000000 1.000000000 0.000000000 0.000000000 0.000000000 0.000000000 1.000000000 0.000000000
1.000000000 0.000136589 0.000040148 -0.000053032 -0.000136588 1.000000000 -0.000015757 0.000004982 -0.000040151 0.000015752 1.000000000 -0.000073736
1.000000000 0.000088723 -0.000055013 -0.000115357 -0.000088722 1.000000000 0.000021649 -0.000086334 0.000055014 -0.000021645 1.000000000 -0.000215794
1.000000000 0.000131927 0.000150395 -0.000107687 -0.000131937 1.000000000 0.000062142 -0.000124060 -0.000150386 -0.000062162 1.000000000 0.000091514
1.000000000 -0.000030847 0.000070223 -0.000067352 0.000030851 1.000000000 -0.000059200 -0.000055476 -0.000070221 0.000059203 1.000000000 -0.000056519
1.000000000 0.000083443 -0.000005561 0.000071852 -0.000083443 1.000000000 0.000034793 -0.000060750 0.000005564 -0.000034792 1.000000000 -0.000479148
0.999999940 0.000223881 0.000182825 -0.000216752 -0.000223912 0.999999940 0.000170323 -0.000137584 -0.000182787 -0.000170364 0.999999940 -0.000193827
1.000000000 0.000128271 0.000111181 0.000121083 -0.000128271 1.000000000 0.000004205 0.000022111 -0.000111181 -0.000004219 1.000000000 0.000444145
1.000000000 0.000070638 0.000113304 -0.000166449 -0.000070642 1.000000000 0.000033755 -0.000117274 -0.000113302 -0.000033763 1.000000000 -0.000141372
0.999999940 0.000337806 -0.000000162 -0.000046746 -0.000337806 0.999999940 0.000061179 -0.000051972 0.000000183 -0.000061179 1.000000000 -0.000029255
1.000000000 -0.000048346 0.000044102 -0.000081300 0.000048348 1.000000000 -0.000037391 -0.000031082 -0.000044100 0.000037393 1.000000000 -0.000010091
0.999999940 0.000243605 0.000048911 0.000064307 -0.000243599 0.999999940 -0.000128861 0.000032967 -0.000048942 0.000128849 1.000000000 0.000293444
1.000000000 0.000127922 -0.000018368 -0.000064507 -0.000127921 1.000000000 0.000065807 -0.000075578 0.000018376 -0.000065805 1.000000000 0.000038618
0.999999940 0.000017260 -0.000337211 0.000071423 -0.000017288 1.000000000 -0.000083270 0.000032902 0.000337210 0.000083276 0.999999940 0.000070703
0.999999881 0.000078395 -0.000478630 -0.000003326 -0.000078451 1.000000000 -0.000118156 0.000022758 0.000478621 0.000118194 0.999999881 0.000362985
0.999999702 -0.000056536 -0.000775750 0.000274265 0.000056157 0.999999881 -0.000488284 0.000001901 0.000775778 0.000488240 0.999999583 0.000404755
0.999999464 -0.000734372 -0.000748910 0.000084939 0.000733641 0.999999225 -0.000976221 0.000086259 0.000749626 0.000975671 0.999999225 -0.000009043
0.999999344 -0.000858204 -0.000729934 0.000259178 0.000857370 0.999998987 -0.001142337 0.000184591 0.000730914 0.001141710 0.999999106 0.000412804
0.999999642 -0.000490193 -0.000717775 0.000157791 0.000489590 0.999999523 -0.000839835 0.000079960 0.000718187 0.000839484 0.999999404 0.000107686
0.999999285 -0.000817691 -0.000844278 0.000239401 0.000816947 0.999999285 -0.000880722 0.000170229 0.000844997 0.000880032 0.999999285 0.000737913
0.999998808 -0.001168746 -0.001001686 0.000349181 0.001167921 0.999998987 -0.000823579 0.000093367 0.001002648 0.000822408 0.999999166 0.000372976
0.999998391 -0.001715392 -0.000547410 0.000335584 0.001714709 0.999997735 -0.001246903 0.000143437 0.000549547 0.001245963 0.999999046 0.000643495
0.999999404 -0.001069531 -0.000053403 0.001377702 0.001069445 0.999998152 -0.001587612 0.000732009 0.000055100 0.001587554 0.999998748 0.002361519
0.999999404 -0.001036575 -0.000389923 -0.000327019 0.001036492 0.999999464 -0.000213094 -0.000201621 0.000390143 0.000212690 0.999999881 -0.000705401
0.999998748 -0.001349310 -0.000825639 0.000004722 0.001349549 0.999999046 0.000289533 -0.000254159 0.000825248 -0.000290647 0.999999642 0.000369919
0.999999881 -0.000457211 -0.000159497 0.000146825 0.000457265 0.999999821 0.000336467 -0.000273107 0.000159343 -0.000336539 0.999999940 0.000472947
0.999999046 -0.001311467 0.000421045 0.000192631 0.001311189 0.999998927 0.000660102 -0.000188177 -0.000421910 -0.000659549 0.999999702 -0.000275112
0.999999881 -0.000400456 0.000368247 0.000047283 0.000400358 0.999999881 0.000266682 -0.000038329 -0.000368354 -0.000266534 0.999999881 0.000338898
0.999999881 -0.000501127 -0.000173548 0.000145574 0.000501193 0.999999821 0.000377995 -0.000097733 0.000173359 -0.000378082 0.999999940 -0.000181391
1.000000000 -0.000202212 0.000091675 0.000224566 0.000202195 0.999999940 0.000192288 -0.000048901 -0.000091714 -0.000192269 1.000000000 0.000571349
0.999999583 -0.000580424 -0.000730665 0.000440275 0.000580547 0.999999821 0.000168167 0.000051760 0.000730567 -0.000168591 0.999999702 0.000817957
0.999999821 0.000043633 -0.000628964 -0.000120786 -0.000043818 0.999999940 -0.000293412 0.000016272 0.000628951 0.000293440 0.999999762 0.000084299
0.999999583 -0.000399380 -0.000846668 0.000050099 0.000399043 0.999999821 -0.000397769 -0.000015429 0.000846827 0.000397431 0.999999583 -0.000150804
0.999999881 0.000002258 -0.000524714 0.000118480 -0.000002394 0.999999940 -0.000260164 0.000018358 0.000524713 0.000260165 0.999999821 0.000309257
0.999999940 -0.000375808 -0.000033693 -0.000056879 0.000375802 0.999999940 -0.000158288 -0.000260966 0.000033753 0.000158276 1.000000000 -0.000353180
0.999999940 0.000259227 0.000030806 -0.000077896 -0.000259231 0.999999940 0.000133441 -0.000054565 -0.000030772 -0.000133449 1.000000000 -0.000033023
0.999999762 -0.000482849 -0.000521234 -0.000108503 0.000482693 0.999999821 -0.000299551 -0.000107386 0.000521378 0.000299300 0.999999821 -0.000314538
1.000000000 0.000091690 -0.000096491 -0.000116508 -0.000091679 1.000000000 0.000107221 -0.000124245 0.000096501 -0.000107212 1.000000000 -0.000113922
1.000000000 0.000010238 0.000130334 0.000047742 -0.000010224 1.000000000 -0.000107137 0.000050274 -0.000130335 0.000107135 1.000000000 0.000304857
0.999999940 0.000337558 0.000207643 -0.000113057 -0.000337531 0.999999940 -0.000132041 -0.000017270 -0.000207687 0.000131970 0.999999940 -0.000038697
1.000000000 0.000130506 0.000044640 -0.000112721 -0.000130493 0.999999940 -0.000270454 -0.000021226 -0.000044676 0.000270448 0.999999940 -0.000053310
0.999999940 0.000261627 0.000075901 -0.000057814 -0.000261623 0.999999940 -0.000046564 -0.000053878 -0.000075913 0.000046544 1.000000000 -0.000035939
1.000000000 0.000076714 0.000051280 -0.000137886 -0.000076712 1.000000000 -0.000042350 -0.000055320 -0.000051283 0.000042347 1.000000000 -0.000074597
0.999999940 0.000172780 0.000238261 -0.000082159 -0.000172762 1.000000000 -0.000078065 -0.000018495 -0.000238274 0.000078024 0.999999940 0.000047752
1.000000000 0.000082727 0.000089296 -0.000257675 -0.000082733 1.000000000 0.000069364 -0.000150996 -0.000089290 -0.000069372 1.000000000 -0.000333706
0.999999940 0.000238489 0.000095535 -0.000077078 -0.000238495 0.999999940 0.000060069 -0.000039853 -0.000095521 -0.000060091 1.000000000 0.000044973
1.000000000 0.000137704 0.000101327 -0.000145943 -0.000137709 1.000000000 0.000042055 -0.000088846 -0.000101321 -0.000042069 1.000000000 -0.000091641
0.999999940 0.000054049 0.000240408 -0.000079592 -0.000054042 1.000000000 -0.000029120 -0.000024792 -0.000240410 0.000029107 1.000000000 0.000055157
1.000000000 0.000100524 0.000087076 0.000947125 -0.000100469 0.999999821 -0.000630160 0.001256155 -0.000087139 0.000630151 0.999999821 0.002023262
0.999999940 0.000344350 0.000034350 -0.000024271 -0.000344352 0.999999940 0.000040758 0.000007479 -0.000034336 -0.000040770 1.000000000 -0.000018151
1.000000000 0.000055012 -0.000097642 -0.000127076 -0.000055001 1.000000000 0.000109489 -0.000103887 0.000097648 -0.000109484 1.000000000 -0.000193616
0.999999881 -0.000462070 -0.000253636 0.000414184 0.000462079 0.999999881 0.000036146 0.000094465 0.000253620 -0.000036263 0.999999940 0.000681733
1.000000000 0.000128977 -0.000001585 0.000168703 -0.000128977 1.000000000 -0.000081412 0.000166680 0.000001575 0.000081413 1.000000000 0.000331591
0.999999225 -0.000767019 -0.001000012 0.000725166 0.000766019 0.999999225 -0.001000347 0.001016134 0.001000779 0.000999581 0.999998987 0.001276310
0.999999881 0.000407720 0.000152443 -0.000118866 -0.000407701 0.999999881 -0.000126039 -0.000089060 -0.000152494 0.000125977 1.000000000 -0.000109156
1.000000000 -0.000156107 0.000071137 -0.000057659 0.000156099 1.000000000 0.000124764 -0.000322604 -0.000071157 -0.000124753 1.000000000 0.000041519
0.999999940 0.000331373 -0.000140784 -0.000109943 -0.000331335 0.999999881 0.000266066 -0.000610602 0.000140872 -0.000266019 0.999999940 -0.000412916
1.000000000 0.000129123 0.000151907 -0.000234106 -0.000129149 1.000000000 0.000174451 -0.000537686 -0.000151885 -0.000174470 1.000000000 -0.000276507
1.000000000 -0.000207363 0.000119062 -0.000418172 0.000207282 0.999999762 0.000680343 -0.000824747 -0.000119203 -0.000680318 0.999999762 -0.000612184
1.000000000 -0.000050653 0.000143668 -0.000502832 0.000050547 0.999999702 0.000741648 -0.001362016 -0.000143705 -0.000741641 0.999999702 -0.000578451
0.999999940 0.000272891 0.000123513 -0.000030566 -0.000272956 0.999999821 0.000533057 -0.000886433 -0.000123367 -0.000533091 0.999999821 -0.000282378
0.999999642 -0.000832757 -0.000281086 0.000195889 0.000833000 0.999999285 0.000864349 -0.000955806 0.000280366 -0.000864583 0.999999583 0.000368456
0.999999523 -0.000922759 -0.000248486 0.000390894 0.000922983 0.999999166 0.000904560 -0.000721442 0.000247651 -0.000904788 0.999999583 0.000693594
1.000000000 0.000148214 0.000075692 0.000608130 -0.000148246 0.999999881 0.000418651 -0.001123439 -0.000075630 -0.000418663 0.999999881 0.000663342
0.999999821 -0.000610636 -0.000058921 -0.000086675 0.000610718 0.999998868 0.001396534 -0.001311240 0.000058069 -0.001396570 0.999999046 -0.000205359
0.999999702 -0.000733916 0.000009554 -0.000210860 0.000733867 0.999990284 0.004351388 -0.002217400 -0.000012748 -0.004351379 0.999990523 -0.001292267
0.999996305 -0.002472533 -0.001138788 0.003968577 0.002498512 0.999722898 0.023406519 -0.003960731 0.001080599 -0.023409277 0.999725401 -0.001972907
0.999979734 -0.006343632 -0.000589594 0.002619329 0.006358983 0.999489427 0.031312432 -0.007146755 0.000390658 -0.031315546 0.999509454 -0.002120675
0.999956369 -0.009325041 -0.000548162 0.001906701 0.009338224 0.999387383 0.033729423 -0.012779726 0.000233298 -0.033733070 0.999430835 -0.002237076
0.999812961 -0.019300472 0.001241247 -0.007435325 0.019271195 0.999606669 0.020373968 -0.012633306 -0.001633986 -0.020346237 0.999791682 0.006317353
0.999601841 -0.028203744 0.000835753 -0.010562498 0.028201370 0.999598563 0.002728567 -0.004400352 -0.000912373 -0.002703911 0.999995947 0.019120021
0.999605656 -0.027399931 0.006146293 -0.023363801 0.027418686 0.999619544 -0.002988435 -0.033996969 -0.006062072 0.003155780 0.999976635 0.017845854
0.999582052 -0.026871035 0.010661351 -0.038476385 0.026873212 0.999638855 -0.000060890 -0.063877605 -0.010655863 0.000347369 0.999943137 0.018534744
0.999699414 -0.023014739 0.008449008 -0.036374558 0.023037437 0.999731243 -0.002599082 -0.073220603 -0.008386919 0.002792944 0.999960899 0.014219112
0.999716222 -0.023603996 0.003218103 -0.042245593 0.023601569 0.999721110 0.000789897 -0.085800983 -0.003235850 -0.000713721 0.999994516 0.013103039
0.999693811 -0.023773374 -0.006859886 -0.048367508 0.023780357 0.999716759 0.000937941 -0.101705231 0.006835645 -0.001100785 0.999976039 0.011502925
0.999581337 -0.021137683 -0.019757943 -0.055860426 0.021178203 0.999774039 0.001843843 -0.119592823 0.019714503 -0.002261508 0.999803066 0.008008708
0.998232305 -0.019374516 -0.056186214 -0.058215708 0.018836509 0.999771655 -0.010089296 -0.094845966 0.056368861 0.009013109 0.998369336 0.005751069
0.997220933 -0.009431809 -0.073901758 -0.067446187 0.009507013 0.999954581 0.000665898 -0.128939778 0.073892117 -0.001366633 0.997265279 0.002766542
0.994457304 0.007714037 -0.104857586 -0.105776124 -0.007563820 0.999969721 0.001830172 -0.145939156 0.104868531 -0.001026904 0.994485557 0.003467960
0.992124856 0.017065752 -0.124084570 -0.104772903 -0.016643291 0.999851644 0.004440482 -0.171651244 0.124141939 -0.002340337 0.992261708 0.002711858
0.989562154 0.023471117 -0.142182425 -0.100182891 -0.023558293 0.999721885 0.001070422 -0.181841135 0.142168000 0.002290326 0.989839911 -0.002128765
0.987512708 0.028708074 -0.154901400 -0.108174421 -0.029076662 0.999577165 -0.000113869 -0.192794308 0.154832631 0.004616462 0.987929940 -0.001238532
0.985646427 0.034306988 -0.165300041 -0.117249876 -0.035213701 0.999376535 -0.002556942 -0.204485431 0.165109262 0.008341067 0.986240029 0.006369883
0.984071732 0.038256656 -0.173606455 -0.128086835 -0.039910402 0.999184966 -0.006043690 -0.215214685 0.173233762 0.012876129 0.984796584 0.011085962
0.982600629 0.044285469 -0.180374056 -0.138585776 -0.046701286 0.998866856 -0.009166660 -0.225204796 0.179763719 0.017430866 0.983555377 0.016571712
0.981176138 0.049255766 -0.186727688 -0.149810061 -0.051980093 0.998600841 -0.009718851 -0.235419258 0.185987711 0.019242028 0.982363641 0.021965222
0.979855835 0.050424755 -0.193235457 -0.159883156 -0.053523652 0.998507679 -0.010846636 -0.250108749 0.192400143 0.020970806 0.981092453 0.026668524
0.978915215 0.051627472 -0.197634935 -0.173083961 -0.055294368 0.998384476 -0.013076815 -0.260102659 0.196640521 0.023729192 0.980188489 0.032590292
0.977987409 0.048630327 -0.202918008 -0.184412658 -0.053140748 0.998445094 -0.016835723 -0.275020003 0.201783761 0.027248340 0.979050994 0.037929773
0.977197230 0.047405120 -0.206974238 -0.196614608 -0.052806083 0.998391330 -0.020645551 -0.293294817 0.205662578 0.031104274 0.978128552 0.042732339
0.976884425 0.048796888 -0.208124116 -0.211017296 -0.056124762 0.997989416 -0.029446984 -0.306453496 0.206268743 0.040447213 0.977659047 0.048238348
0.976586759 0.052541178 -0.208609015 -0.224450991 -0.062299740 0.997236133 -0.040483110 -0.322817534 0.205905423 0.052531555 0.977160871 0.053301558
0.976482570 0.058917310 -0.207389936 -0.238600507 -0.070935138 0.996176779 -0.050990269 -0.341058522 0.203592822 0.064502336 0.976928592 0.054909520
0.976401150 0.065023497 -0.205943584 -0.249568403 -0.077991173 0.995409131 -0.055479676 -0.353508681 0.201390654 0.070232198 0.976989865 0.058331408
0.976542115 0.073743917 -0.202305019 -0.268887877 -0.085829064 0.994971812 -0.051617969 -0.374165565 0.197481290 0.067770772 0.977961302 0.058523256
0.976281524 0.081908956 -0.200413004 -0.281144232 -0.092357859 0.994782269 -0.043338951 -0.397778302 0.195817456 0.060820729 0.978752434 0.057556968
0.976537645 0.086929992 -0.197021455 -0.300805241 -0.096282922 0.994613707 -0.038382281 -0.421583652 0.192623675 0.056451540 0.979647577 0.054881837
0.976767004 0.082575157 -0.197756290 -0.317232937 -0.091507234 0.995137215 -0.036447078 -0.444582283 0.193785012 0.053696435 0.979573429 0.047119036
0.976507425 0.075342543 -0.201882884 -0.333905667 -0.083700851 0.995938480 -0.033177473 -0.476082921 0.198563263 0.049295820 0.978847563 0.039033238
0.975974798 0.069101639 -0.206635445 -0.359764487 -0.076964237 0.996574938 -0.030247444 -0.509480774 0.203837559 0.045424279 0.977950335 0.031954110
0.975099146 0.066870369 -0.211447522 -0.391397923 -0.074758984 0.996764362 -0.029527057 -0.542760134 0.208788887 0.044599410 0.976943254 0.019288991
0.972571611 0.065563075 -0.223172411 -0.408895701 -0.074168041 0.996782660 -0.030387253 -0.569363713 0.220462114 0.046106040 0.974305212 0.010398002
0.970942259 0.065647162 -0.230133906 -0.436195791 -0.073607430 0.996943951 -0.026167477 -0.609342396 0.227712780 0.042346671 0.972807109 0.001367567
0.968448997 0.063035466 -0.241107881 -0.452117950 -0.073003814 0.996797800 -0.032627970 -0.624471664 0.238279089 0.049200322 0.969949663 -0.010485020
0.967288256 0.062994696 -0.245733887 -0.492354870 -0.070446417 0.997280717 -0.021643724 -0.683979392 0.243702233 0.038246792 0.969095647 -0.011102196
0.964560807 0.063734844 -0.256047547 -0.519382656 -0.071250834 0.997254372 -0.020175578 -0.706363618 0.254058659 0.037704173 0.966453612 -0.017010624
0.960326910 0.065466970 -0.271083504 -0.546578467 -0.073898815 0.997044563 -0.021002870 -0.722646892 0.268907338 0.040202372 0.962326646 -0.023499688
0.955455720 0.067936130 -0.287209034 -0.574428618 -0.077018633 0.996820331 -0.020430356 -0.744173646 0.284907818 0.041640747 0.957650006 -0.029127426
0.950385749 0.071882859 -0.302654654 -0.601045310 -0.080701299 0.996598184 -0.016715547 -0.770862401 0.300423503 0.040310837 0.952953696 -0.036893435
0.946955740 0.079394825 -0.311402082 -0.634917498 -0.087804727 0.996052146 -0.013056455 -0.792154014 0.309136093 0.039706461 0.950188518 -0.041721322
0.942778885 0.084949695 -0.322415084 -0.662284911 -0.090440348 0.995899737 -0.002059064 -0.809647918 0.320918202 0.031100575 0.946596146 -0.047971223
0.938745022 0.092379600 -0.331999689 -0.685631812 -0.093062997 0.995563507 0.013877522 -0.821965992 0.331808776 0.017869428 0.943177402 -0.054505639
0.936232924 0.100206733 -0.336788535 -0.718119621 -0.092612311 0.994954407 0.038583357 -0.841176450 0.338955551 -0.004932245 0.940789461 -0.058108684
0.933316112 0.107249029 -0.342664212 -0.746227860 -0.093243748 0.994002342 0.057140175 -0.852344275 0.346737236 -0.021378549 0.937718630 -0.063268766
0.931022465 0.100441910 -0.350868404 -0.780182898 -0.078711599 0.994019508 0.075694926 -0.877464533 0.356372952 -0.042856261 0.933360398 -0.060088012
0.927491307 0.084251776 -0.364227265 -0.802464843 -0.062335156 0.995488107 0.071538649 -0.896382213 0.368611157 -0.043647312 0.928558409 -0.060672022
0.925727844 0.066180520 -0.372354805 -0.837382138 -0.048007119 0.997168660 0.057879236 -0.920546353 0.375131011 -0.035704739 0.926283956 -0.057340629
0.923973680 0.053010728 -0.378764391 -0.867658615 -0.040206734 0.998323321 0.041640356 -0.944652438 0.380336732 -0.023245713 0.924555898 -0.053320073
0.924340963 0.042454958 -0.379198372 -0.909900963 -0.035297051 0.999043465 0.025811927 -0.970761299 0.379931509 -0.010474437 0.924955308 -0.047128864
0.922495484 0.038910866 -0.384041756 -0.927626729 -0.036790468 0.999240160 0.012869067 -0.990541101 0.384250700 0.002257417 0.923226058 -0.036743347
0.921062648 0.038653202 -0.387491375 -0.948032141 -0.039970580 0.999189973 0.004661997 -1.008874178 0.387357712 0.011194263 0.921861529 -0.027398750
0.920614183 0.035806555 -0.388828248 -0.971477270 -0.038881999 0.999243796 -0.000040733 -1.026414514 0.388532788 0.015155918 0.921310246 -0.018942209
0.922159910 0.028959969 -0.385723293 -1.013309598 -0.036757391 0.999241531 -0.012854262 -1.006263018 0.385058492 0.026031865 0.922524989 0.008328576
0.921165049 0.028074523 -0.388158202 -1.033993840 -0.033929452 0.999390304 -0.008236897 -1.019554138 0.387690276 0.020757537 0.921555936 0.027424324
0.921649337 0.032575715 -0.386653960 -1.054636002 -0.039095186 0.999194920 -0.009006932 -1.027758598 0.386049271 0.023417542 0.922180891 0.043927874
0.922846198 0.042415887 -0.382826120 -1.072462678 -0.050953519 0.998626709 -0.012184704 -1.032253027 0.381783575 0.030750945 0.923740029 0.062182721
0.924030483 0.050352179 -0.378988594 -1.087901115 -0.063086621 0.997781813 -0.021249898 -1.042477727 0.377077967 0.043544665 0.925157309 0.079746358
0.925583839 0.055155162 -0.374502987 -1.105953813 -0.073552378 0.996677041 -0.034998406 -1.047312737 0.371328205 0.059939541 0.926564932 0.098468751
0.926563919 0.056232825 -0.371910214 -1.120811820 -0.079783253 0.995644867 -0.048227668 -1.052242875 0.367578536 0.074358225 0.927015066 0.114605427
0.928378224 0.058409456 -0.367018074 -1.140297294 -0.085766777 0.994586647 -0.058663987 -1.060500503 0.361604720 0.085940316 0.928362131 0.132044941
0.929275155 0.058098555 -0.364790708 -1.154894590 -0.087829776 0.993984222 -0.065431990 -1.064617872 0.358794689 0.092843808 0.928787589 0.146680549
0.929312944 0.063438863 -0.363803416 -1.166387081 -0.093602687 0.993428171 -0.065871425 -1.079032063 0.357233733 0.095268145 0.929143727 0.164230123
0.929969609 0.067722037 -0.361345053 -1.179393768 -0.098275639 0.992912233 -0.066837266 -1.088160515 0.354257554 0.097668044 0.930033624 0.177504525
0.930422068 0.068380587 -0.360054076 -1.193985462 -0.100353971 0.992426217 -0.070847303 -1.088779569 0.352482527 0.102050744 0.930237472 0.191597745
0.930637181 0.067183785 -0.359723270 -1.208788157 -0.099954970 0.992290735 -0.073267326 -1.091147304 0.352027714 0.104141422 0.930177987 0.202122331
0.929700375 0.065733775 -0.362403572 -1.225028634 -0.099442475 0.992202282 -0.075138614 -1.094307661 0.354638517 0.105894700 0.928987563 0.212299317
0.927196562 0.062660106 -0.369296908 -1.235132456 -0.096645735 0.992546260 -0.074239828 -1.094383597 0.361892402 0.104525879 0.926341295 0.220656350
0.925396085 0.058183238 -0.374508679 -1.249254942 -0.090486236 0.993487775 -0.069240779 -1.093046069 0.368041158 0.097963020 0.924634516 0.226481780
0.922560334 0.051633317 -0.382382512 -1.257525444 -0.081492119 0.994725287 -0.062294770 -1.101416111 0.377149075 0.088631846 0.921901822 0.232755393
0.919791102 0.047716841 -0.389496416 -1.263736010 -0.076342449 0.995373487 -0.058339503 -1.100100398 0.384910643 0.083395265 0.919178486 0.238324493
0.918462873 0.038294431 -0.393649012 -1.274790645 -0.067094192 0.995961607 -0.059656564 -1.091494203 0.389774799 0.081203900 0.917323053 0.239257678
0.915268064 0.028633967 -0.401826382 -1.280744910 -0.055496208 0.996922553 -0.055367358 -1.097131729 0.399004400 0.072975814 0.914040506 0.245469630
0.913645923 0.012404756 -0.406321615 -1.294124961 -0.040406153 0.997355640 -0.060407732 -1.090866804 0.404497802 0.071609169 0.911731124 0.247953728
0.910575628 -0.001219779 -0.413340747 -1.298974752 -0.026395304 0.997783065 -0.061092440 -1.097197890 0.412498921 0.066539541 0.908524692 0.251361430
0.907943547 -0.019934766 -0.418618143 -1.301403403 -0.012227662 0.997182786 -0.074006900 -1.082662225 0.418914109 0.072312810 0.905141890 0.250394851
0.904732108 -0.033427585 -0.424667418 -1.297222495 -0.001948260 0.996581197 -0.082596302 -1.074355841 0.425976545 0.075554885 0.901573896 0.253864110
0.902859211 -0.038359847 -0.428221703 -1.292859316 0.004591670 0.996815264 -0.079613090 -1.084919691 0.429911882 0.069913156 0.900159955 0.261096776
0.903135955 -0.041558892 -0.427338630 -1.287046075 0.009838568 0.997046292 -0.076170452 -1.092676044 0.429241955 0.064587876 0.900877237 0.267316163
0.904686511 -0.045228180 -0.423670530 -1.275655508 0.017258178 0.997423887 -0.069625862 -1.101697206 0.425728142 0.055677798 0.903136492 0.276863635
0.909555018 -0.058292165 -0.411475033 -1.266627431 0.027137108 0.996331513 -0.081160769 -1.068719864 0.414696574 0.062653944 0.907800198 0.276053607
0.915364623 -0.067315005 -0.396958798 -1.253368020 0.037653655 0.995916069 -0.082057066 -1.054916382 0.400861323 0.060165189 0.914161026 0.283456743
0.921042562 -0.070961647 -0.382942587 -1.227803349 0.047354698 0.996370316 -0.070737451 -1.057996988 0.386572242 0.047018077 0.921059847 0.293915957
0.929337084 -0.078413092 -0.360810161 -1.208047867 0.057363242 0.995986640 -0.068702623 -1.044710040 0.364749283 0.043150656 0.930105388 0.305860698
0.939187825 -0.084828101 -0.332761735 -1.187804461 0.063446522 0.995191336 -0.074623913 -1.027563930 0.337491810 0.048973296 0.940053642 0.316250116
0.948309898 -0.085947603 -0.305485487 -1.153483868 0.062664054 0.994387746 -0.085242338 -1.020132542 0.311097383 0.061693195 0.948373556 0.328655481
0.954531789 -0.090037607 -0.284187198 -1.100714684 0.065691061 0.993394256 -0.094088130 -1.016035438 0.290781379 0.071141556 0.954141021 0.331176758
0.963447213 -0.091048017 -0.251951814 -1.074391961 0.066344239 0.992269337 -0.104881100 -0.999798656 0.259553283 0.084331855 0.962039649 0.337826997
0.969106913 -0.088364832 -0.230268225 -1.032357574 0.065601155 0.992336035 -0.104717344 -0.989868343 0.237756789 0.086376436 0.967476547 0.340739131
0.973735690 -0.084590077 -0.211384207 -0.987692237 0.064408213 0.992838800 -0.100611746 -0.984515071 0.218381196 0.084354371 0.972210884 0.338886052
0.977511883 -0.084386267 -0.193259999 -0.948105216 0.067481533 0.993427634 -0.092453957 -0.979603708 0.199791670 0.077333361 0.976781905 0.335465878
0.979133785 -0.091836125 -0.181281999 -0.902828515 0.077757835 0.993485391 -0.083309568 -0.976879001 0.187751845 0.067475118 0.979896069 0.331924349
0.978903830 -0.105625264 -0.174901828 -0.854990304 0.093935333 0.992836177 -0.073840991 -0.978422761 0.181448340 0.055853765 0.981813073 0.322998643
0.977543175 -0.118742689 -0.174096450 -0.794047534 0.109720603 0.992113650 -0.060596425 -0.994698524 0.179918841 0.040133655 0.982862413 0.308682233
0.975516975 -0.133637249 -0.174664512 -0.734236002 0.126495108 0.990631878 -0.051453963 -1.000355601 0.179904401 0.028100006 0.983282685 0.295776606
0.974683106 -0.145386040 -0.169869930 -0.683218360 0.140016690 0.989204705 -0.043236900 -1.012408733 0.174322173 0.018357649 0.984517515 0.280555695
0.973372698 -0.155395702 -0.168516502 -0.618839979 0.150927529 0.987771809 -0.039086688 -1.024524689 0.172529742 0.012612138 0.984923542 0.265098423
0.974029541 -0.152892694 -0.167003736 -0.545016408 0.149711609 0.988226175 -0.031550355 -1.044835329 0.169861287 0.005728583 0.985451341 0.256049424
0.976089597 -0.145650625 -0.161353782 -0.475079268 0.142666399 0.989316344 -0.029992152 -1.056778431 0.163998306 0.006255263 0.986440778 0.237433150
0.979856074 -0.129932687 -0.151656225 -0.407124162 0.127906546 0.991517603 -0.023082064 -1.077507377 0.153368935 0.003219279 0.988163769 0.227188140
0.982341409 -0.116053708 -0.146754742 -0.331101567 0.114206448 0.993235469 -0.020980187 -1.093201756 0.148196846 0.003849368 0.988950372 0.212081507
0.985133648 -0.103045695 -0.137452707 -0.265650421 0.101069763 0.994651377 -0.021296907 -1.095061779 0.138912082 0.007087989 0.990279377 0.203475520
0.987230539 -0.089463510 -0.131803274 -0.190556467 0.087893039 0.995972693 -0.017696952 -1.109183073 0.132855698 0.005886383 0.991117895 0.192632988
0.988628864 -0.074406378 -0.130677685 -0.100779332 0.072447784 0.997177899 -0.019685268 -1.109801531 0.131773606 0.009994116 0.991229475 0.186771452
0.990200698 -0.059173297 -0.126495510 -0.023490516 0.056718897 0.998127043 -0.022920785 -1.099812746 0.127614886 0.015521492 0.991702318 0.183835983
0.991868019 -0.041659653 -0.120259315 0.052124891 0.039738707 0.999041975 -0.018328650 -1.109153152 0.120907672 0.013400653 0.992573321 0.177057788
0.992876649 -0.025522139 -0.116381198 0.129177734 0.024251068 0.999629915 -0.012324801 -1.120904088 0.116652682 0.009414639 0.993128121 0.180055842
0.993304491 -0.018148072 -0.114091299 0.201539099 0.016112592 0.999694586 -0.018737795 -1.091842175 0.114396513 0.016774030 0.993293524 0.179058000
0.993140042 -0.010304522 -0.116476275 0.293975890 0.008574351 0.999845505 -0.015345601 -1.093341708 0.116616406 0.014241622 0.993074894 0.176860943
0.993837178 -0.001795555 -0.110835351 0.363893390 0.001707838 0.999998152 -0.000886349 -1.121057034 0.110836737 0.000691597 0.993838370 0.188145444
0.994683444 -0.001985077 -0.102960907 0.435389251 0.001886613 0.999997675 -0.001053697 -1.103029013 0.102962755 0.000853847 0.994684875 0.185142905
0.995594203 -0.002260903 -0.093739495 0.514004707 0.002286358 0.999997377 0.000164161 -1.088855028 0.093738876 -0.000377760 0.995596766 0.191586152
0.996782243 -0.007217611 -0.079831727 0.581988096 0.006856515 0.999965012 -0.004796415 -1.055603743 0.079863548 0.004233614 0.996796787 0.193999931
0.997607529 -0.011678813 -0.068138160 0.662796021 0.011507206 0.999929547 -0.002910480 -1.042577505 0.068167351 0.002119437 0.997671664 0.192838535
0.998794496 -0.023574619 -0.043056201 0.717914402 0.023364566 0.999712586 -0.005375370 -1.002592325 0.043170545 0.004362901 0.999058187 0.191751525
0.999265492 -0.030914122 -0.022644963 0.787078321 0.030873563 0.999521017 -0.002138553 -0.982813001 0.022700228 0.001437852 0.999741256 0.198596328
0.999249637 -0.038714770 0.001169775 0.854118407 0.038700439 0.999195993 0.010468457 -0.973505259 -0.001574119 -0.010415331 0.999944508 0.207044706
0.998579979 -0.046232231 0.026468311 0.929310977 0.045625005 0.998691440 0.023103783 -0.957237065 -0.027501814 -0.021863360 0.999382615 0.215956539
0.996938586 -0.056246717 0.054312248 1.000196576 0.054569099 0.998000503 0.031893600 -0.927796662 -0.055997562 -0.028832190 0.998014510 0.223785624
0.994316220 -0.065595545 0.083860092 1.064856768 0.061983187 0.997063160 0.044979852 -0.912684977 -0.086564280 -0.039526280 0.995461881 0.233532891
0.991052866 -0.074849188 0.110506900 1.139819264 0.069352359 0.996195018 0.052779872 -0.887764812 -0.114036955 -0.044643730 0.992472947 0.243445009
0.987367272 -0.082359508 0.135361716 1.210311055 0.074881986 0.995419145 0.059442338 -0.869409740 -0.139637291 -0.048555262 0.989011526 0.259170711
0.982834995 -0.091392376 0.160258397 1.267460585 0.080827355 0.994177401 0.071261659 -0.861965895 -0.165838048 -0.057085194 0.984499395 0.273615867
0.978399873 -0.099907808 0.180975586 1.328154802 0.085844234 0.992764473 0.083961241 -0.848001897 -0.188054517 -0.066611953 0.979897082 0.290546238
0.974495113 -0.110442318 0.195350289 1.392923117 0.093075857 0.991022468 0.095975570 -0.832541943 -0.204196289 -0.075345337 0.976026118 0.305401802
0.970876694 -0.119845487 0.207449988 1.453187227 0.098426834 0.988968849 0.110692374 -0.820311368 -0.218427554 -0.087050006 0.971962810 0.326842070
0.967792034 -0.128484160 0.216495842 1.514552474 0.103575207 0.987016916 0.122758858 -0.810865343 -0.229457632 -0.096381448 0.968534887 0.348422974
0.965158701 -0.136795312 0.223059878 1.575523376 0.109093502 0.985207021 0.132158041 -0.803108156 -0.237838760 -0.103219107 0.965804636 0.369691700
0.962472916 -0.147002593 0.228114411 1.635805845 0.117497839 0.983438194 0.137998641 -0.795856595 -0.244622573 -0.106017001 0.963805079 0.398286939
0.959160089 -0.165932730 0.229081422 1.691255808 0.136576086 0.980879068 0.138647750 -0.790250182 -0.247707382 -0.101698346 0.963482499 0.431451946
0.955906808 -0.182953820 0.229717493 1.748587966 0.156360000 0.979210436 0.129222661 -0.784456253 -0.248583540 -0.087606192 0.964640558 0.464567840
0.953445375 -0.196115881 0.229086116 1.811790347 0.173666790 0.978119135 0.114554718 -0.782540739 -0.246539503 -0.069437020 0.966642022 0.497648329
0.952461064 -0.198677137 0.230965972 1.871152639 0.180253223 0.978673398 0.098524719 -0.786489546 -0.245614856 -0.052208606 0.967960536 0.531171739
0.952881575 -0.194681987 0.232627630 1.937819481 0.182294995 0.980468392 0.073826090 -0.778508782 -0.242456645 -0.027940670 0.969759822 0.569354713
0.953859270 -0.188021839 0.234094545 1.996389627 0.178933710 0.982049823 0.059673481 -0.780890644 -0.241112411 -0.015032699 0.970380783 0.606746495
0.955722928 -0.176160276 0.235714361 2.045452356 0.169049382 0.984327853 0.050209504 -0.783665597 -0.240865126 -0.008139010 0.970524490 0.654050827
0.960116029 -0.166270882 0.224791601 2.118083477 0.160808891 0.986069024 0.042525489 -0.784076571 -0.228730783 -0.004680922 0.973478436 0.688822150
0.964594603 -0.146966904 0.218992978 2.176672459 0.142931193 0.989139915 0.034248464 -0.779901862 -0.221648082 -0.001734956 0.975125194 0.736299694
0.970448673 -0.123506978 0.207305163 2.242601633 0.120444469 0.992342412 0.027380133 -0.772263348 -0.209099337 -0.001602257 0.977893114 0.773993790
0.975460887 -0.106603630 0.192643926 2.301268101 0.101754263 0.994196415 0.034922682 -0.783823252 -0.195248783 -0.014463373 0.980647087 0.809498310
0.980665088 -0.088718712 0.174427539 2.370000362 0.083783604 0.995852470 0.035470814 -0.769832194 -0.176851019 -0.020170819 0.984030902 0.853647351
0.984918594 -0.076500446 0.155187204 2.436335564 0.070588276 0.996566832 0.043264575 -0.766582370 -0.157964185 -0.031657688 0.986937225 0.894057631
0.986912191 -0.065812558 0.147217795 2.473098516 0.058756374 0.996928513 0.051780690 -0.762108386 -0.150173441 -0.042453010 0.987747788 0.940741777
0.989589930 -0.065193355 0.128302872 2.541011095 0.057669863 0.996439099 0.061508331 -0.768244147 -0.131855935 -0.053468816 0.989825785 0.976802647
0.991701007 -0.057489209 0.114996344 2.599402189 0.049778923 0.996385455 0.068833552 -0.768936753 -0.118537866 -0.062537909 0.990978181 1.019911766
0.993338943 -0.046121813 0.105596267 2.655452251 0.038064726 0.996297657 0.077084944 -0.774004340 -0.108760610 -0.072551981 0.991416812 1.065944195
0.994518161 -0.034227647 0.098803312 2.707391739 0.026196418 0.996331632 0.081467666 -0.777525127 -0.101229317 -0.078432776 0.991766572 1.113395691
0.995365500 -0.021871677 0.093644045 2.756533146 0.014194123 0.996541023 0.081881158 -0.781923831 -0.095111012 -0.080172479 0.992232978 1.163389683
0.996112645 -0.007678890 0.087753542 2.809670210 0.000836815 0.996973217 0.077741437 -0.792538464 -0.088084899 -0.077365786 0.993104041 1.212226629
0.996124744 0.011518578 0.087194405 2.856393099 -0.017486954 0.997532189 0.067997880 -0.799128830 -0.086195990 -0.069259129 0.993867934 1.265128732
0.995803535 0.030563837 0.086262442 2.904333115 -0.035618950 0.997699261 0.057683960 -0.812567532 -0.084300935 -0.060514465 0.994601130 1.317840099
0.995188177 0.046425696 0.086285084 2.950477600 -0.050777566 0.997509956 0.048944052 -0.831473053 -0.083797976 -0.053089891 0.995067537 1.374175549
0.994414687 0.059916444 0.086887665 2.987314939 -0.063250877 0.997343004 0.036142673 -0.844690204 -0.084491268 -0.041436527 0.995562255 1.427744389
0.994045258 0.068447523 0.084787637 3.027909756 -0.070847601 0.997157931 0.025625549 -0.863318801 -0.082792662 -0.031479955 0.996069491 1.484439850
0.993462265 0.077309698 0.083999731 3.063477039 -0.078411847 0.996871948 0.009897021 -0.879356265 -0.082971841 -0.016418891 0.996416628 1.544450402
0.993234217 0.081507035 0.082718752 3.093139172 -0.081065580 0.996670902 -0.008687076 -0.896566331 -0.083151430 0.001922658 0.996535063 1.602999330
0.993449450 0.084526986 0.076898299 3.123568296 -0.082076833 0.996029079 -0.034489010 -0.913840592 -0.079508193 0.027951522 0.996442258 1.660270691
0.993572056 0.087541930 0.071770109 3.144150734 -0.083565719 0.994890511 -0.056654088 -0.937195599 -0.076363005 0.050292399 0.995810926 1.716213703
0.992893755 0.094311021 0.072577395 3.151675701 -0.088696033 0.993074179 -0.077050231 -0.959786534 -0.079341419 0.070065364 0.994382083 1.774154067
0.992300034 0.105646238 0.064649224 3.176846743 -0.099132605 0.990354836 -0.096798934 -0.983858466 -0.074252114 0.089644745 0.993202090 1.823166609
0.990497887 0.119743377 0.067642346 3.190187216 -0.111515373 0.987139821 -0.114539482 -1.015407443 -0.080487795 0.105907947 0.991113126 1.888637066
0.988489568 0.134600922 0.069072150 3.194064617 -0.124422364 0.983005524 -0.134978384 -1.035293460 -0.086066514 0.124830604 0.988438129 1.935138583
0.986905336 0.145253852 0.070137195 3.193034410 -0.132638350 0.978236854 -0.159561217 -1.055829167 -0.091787666 0.148168921 0.984693348 1.979598284
0.985525608 0.155306280 0.067964874 3.191741943 -0.140266940 0.972181499 -0.187585503 -1.077469587 -0.095207393 0.175337106 0.979894102 2.018787146
0.984369397 0.161875114 0.069378659 3.176190853 -0.143436283 0.965462685 -0.217503592 -1.098088980 -0.102190919 0.204152450 0.973590672 2.053336143
0.984274149 0.163208425 0.067583047 3.159898996 -0.142235354 0.959112763 -0.244687125 -1.118883848 -0.104754761 0.231226504 0.967243910 2.081918240
0.984871268 0.160542652 0.065227270 3.136165619 -0.137281671 0.952549696 -0.271666676 -1.132393837 -0.105746306 0.258602202 0.960178435 2.104476452
0.989230275 0.134510666 0.057709668 3.108194828 -0.113061875 0.952626348 -0.282347381 -1.155959010 -0.092954487 0.272781789 0.957574844 2.117859602
0.993765891 0.100745067 0.047747478 3.079660654 -0.083451502 0.956181586 -0.280628979 -1.170905352 -0.073927239 0.274894893 0.958627939 2.126520872
0.996987045 0.065644160 0.041324142 3.041640997 -0.052702405 0.964150190 -0.260070980 -1.182533979 -0.056914821 0.257109523 0.964704812 2.126494646
0.999024332 0.030256681 0.032170277 3.006612778 -0.022035187 0.972789943 -0.230638593 -1.186382413 -0.038273282 0.229704693 0.972507536 2.122384071
0.999495029 -0.002616825 0.031668011 2.950267553 0.008392327 0.982955635 -0.183651134 -1.205522656 -0.030647667 0.183824167 0.982481241 2.107788086
0.999290287 -0.027858935 0.025352547 2.906448603 0.031175040 0.989443362 -0.141527265 -1.208542585 -0.021142110 0.142217189 0.989609659 2.090070248
0.998554766 -0.050671130 0.017910540 2.867441654 0.052256756 0.993271410 -0.103349641 -1.214450598 -0.012553184 0.104136221 0.994483829 2.070030212
0.997740865 -0.065420255 0.015276687 2.824160576 0.066411875 0.994783580 -0.077428028 -1.216500401 -0.010131637 0.078267656 0.996880889 2.049182892
0.996881604 -0.077152044 0.016573252 2.778992891 0.078135237 0.994449735 -0.070459805 -1.226734638 -0.011045150 0.071535036 0.997376919 2.028767109
0.996259570 -0.083652683 0.021657836 2.730162859 0.085108303 0.993275881 -0.078482933 -1.235968947 -0.014946898 0.080032639 0.996680200 2.001145840
0.995664835 -0.089968376 0.023605354 2.690908432 0.091859065 0.990975142 -0.097622953 -1.238801479 -0.014609342 0.099368110 0.994943500 1.973762751
0.995545745 -0.088922389 0.031327624 2.643323421 0.091869421 0.989625990 -0.110455431 -1.254361629 -0.021180669 0.112841494 0.993387222 1.952576160
0.995468438 -0.089868538 0.031084841 2.609967470 0.092965834 0.988487840 -0.119369961 -1.259176373 -0.019999385 0.121718854 0.992363095 1.921618700
0.995575011 -0.088966690 0.030253788 2.578953743 0.091876075 0.989149988 -0.114634365 -1.266101122 -0.019726897 0.116906710 0.992946982 1.886905432
0.995187402 -0.092989445 0.030903555 2.534735203 0.095779769 0.989704370 -0.106355436 -1.259468317 -0.020695454 0.108803526 0.993847847 1.856348753
0.994660318 -0.097278871 0.034463260 2.492627859 0.100151874 0.990443587 -0.094821535 -1.263381362 -0.024909785 0.097766779 0.994897544 1.822652340
0.993648231 -0.106762670 0.035566326 2.458385944 0.109416336 0.990466774 -0.083687969 -1.257698417 -0.026292514 0.087047935 0.995857120 1.786493301
0.992958009 -0.114905499 0.028829090 2.455536127 0.116748109 0.990437210 -0.073512219 -1.247010946 -0.020106444 0.076360285 0.996877551 1.743848562
0.991284192 -0.122995496 0.047199037 2.398257732 0.125700906 0.990287244 -0.059417531 -1.250156879 -0.039432514 0.064832620 0.997116745 1.714376807
0.989761233 -0.131151766 0.056319505 2.377511263 0.133940309 0.989778996 -0.048964709 -1.250632882 -0.049322054 0.056006823 0.997211397 1.675106883
0.987877309 -0.136638194 0.073677838 2.344002008 0.140271872 0.989015341 -0.046610210 -1.240123749 -0.066499777 0.056380097 0.996192276 1.641122341
0.986172676 -0.138833642 0.090491034 2.322035313 0.143905774 0.988216877 -0.052139923 -1.214383245 -0.082185991 0.064441152 0.994531453 1.608021021
0.984205246 -0.139534667 0.108950302 2.311321259 0.147034466 0.987051964 -0.064103745 -1.201199412 -0.098594911 0.079110689 0.991978109 1.568295956
0.982908368 -0.129230171 0.131113544 2.302493811 0.140234470 0.987004936 -0.078457303 -1.185331821 -0.119270667 0.095502973 0.988257885 1.526823163
0.979434252 -0.119046777 0.162899822 2.269564390 0.135965511 0.985957801 -0.096956424 -1.162618756 -0.149069995 0.117111199 0.981867135 1.491603017
0.975694895 -0.109348230 0.189901203 2.256506920 0.131409988 0.985457063 -0.107730009 -1.147941947 -0.175359398 0.130066529 0.975874901 1.449389219
0.970965624 -0.104626626 0.215125471 2.242514610 0.131814465 0.984445393 -0.116155997 -1.123148203 -0.199626267 0.141140133 0.969653964 1.404430747
0.963526964 -0.103176259 0.246922076 2.206076860 0.136188164 0.983321607 -0.120546199 -1.087886095 -0.230366305 0.149777368 0.961508274 1.364580750
0.956600785 -0.109726056 0.269954026 2.200036049 0.144690320 0.982983291 -0.113174759 -1.064874768 -0.252942085 0.147322789 0.956198871 1.309702396
0.949394345 -0.118374176 0.290926009 2.195894718 0.151686341 0.983883977 -0.094675966 -1.040179372 -0.275030255 0.134014323 0.952049613 1.245031357
0.937812805 -0.131951690 0.321085483 2.172723532 0.162283614 0.984294236 -0.069490418 -1.016379356 -0.306873202 0.117275916 0.944497347 1.198341250
0.925516725 -0.143459082 0.350482851 2.158228874 0.170696765 0.984157503 -0.047923546 -0.984998703 -0.338055253 0.104180336 0.935342252 1.144689322
